Upper & Lower density value keypose extractions for Aizubandaisan


LB
0     [111, 325,      521, 803, 912, 1048, 1143]
0.01  [111, 325, 481, 537, 853, 957, 1040, 1140]
0.1   [325,      537, 735, 853, 957, 1040, 1089]
0.3   [296, 415, 537, 784, 912,      1048]
0.4   [296, 415, 537, 784, 912,      1048]
0.5   [     415, 537, 735, 853, 956, 1040, 1089]
0.6   [242, 326, 537, 735, 853, 946, 1040, 1089]
0.7   [242, 326, 537, 735, 853, 946, 1040, 1089]
0.8   [242, 326, 537, 735, 853, 946, 1040, 1089]

GT    [193, 345, 520, 678, 808, 900, 1030, 1073]

UB
3     [242, 326, 537, 735, 853, 946, 1040, 1089]


